6.450000000000000000e+01
1.220468750000000000e+02
6.450000000000000000e+01
1.459531250000000000e+02
6.550000000000000000e+01
1.614218750000000000e+02
6.750000000000000000e+01
1.811093750000000000e+02
7.550000000000000000e+01
1.965781250000000000e+02
8.650000000000000000e+01
2.078281250000000000e+02
9.850000000000000000e+01
2.162656250000000000e+02
1.125000000000000000e+02
2.204843750000000000e+02
1.265000000000000000e+02
2.204843750000000000e+02
1.405000000000000000e+02
2.204843750000000000e+02
1.525000000000000000e+02
2.148593750000000000e+02
1.635000000000000000e+02
2.050156250000000000e+02
1.725000000000000000e+02
1.937656250000000000e+02
1.795000000000000000e+02
1.782968750000000000e+02
1.835000000000000000e+02
1.614218750000000000e+02
1.845000000000000000e+02
1.431406250000000000e+02
1.845000000000000000e+02
1.234531250000000000e+02
7.450000000000000000e+01
1.065781250000000000e+02
8.450000000000000000e+01
9.884375000000000000e+01
9.550000000000000000e+01
9.884375000000000000e+01
1.075000000000000000e+02
1.016562500000000000e+02
1.175000000000000000e+02
1.051718750000000000e+02
1.425000000000000000e+02
1.058750000000000000e+02
1.525000000000000000e+02
1.030625000000000000e+02
1.625000000000000000e+02
1.009531250000000000e+02
1.720000000000000000e+02
1.009531250000000000e+02
1.805000000000000000e+02
1.065781250000000000e+02
1.295000000000000000e+02
1.206406250000000000e+02
1.295000000000000000e+02
1.304843750000000000e+02
1.295000000000000000e+02
1.417343750000000000e+02
1.295000000000000000e+02
1.515781250000000000e+02
1.155000000000000000e+02
1.628281250000000000e+02
1.225000000000000000e+02
1.628281250000000000e+02
1.285000000000000000e+02
1.642343750000000000e+02
1.345000000000000000e+02
1.642343750000000000e+02
1.395000000000000000e+02
1.642343750000000000e+02
8.450000000000000000e+01
1.206406250000000000e+02
9.050000000000000000e+01
1.150156250000000000e+02
1.045000000000000000e+02
1.164218750000000000e+02
1.105000000000000000e+02
1.234531250000000000e+02
1.045000000000000000e+02
1.234531250000000000e+02
9.050000000000000000e+01
1.234531250000000000e+02
1.455000000000000000e+02
1.248593750000000000e+02
1.525000000000000000e+02
1.192343750000000000e+02
1.655000000000000000e+02
1.192343750000000000e+02
1.715000000000000000e+02
1.234531250000000000e+02
1.655000000000000000e+02
1.276718750000000000e+02
1.525000000000000000e+02
1.262656250000000000e+02
1.015000000000000000e+02
1.825156250000000000e+02
1.125000000000000000e+02
1.782968750000000000e+02
1.235000000000000000e+02
1.754843750000000000e+02
1.285000000000000000e+02
1.768906250000000000e+02
1.325000000000000000e+02
1.754843750000000000e+02
1.415000000000000000e+02
1.782968750000000000e+02
1.505000000000000000e+02
1.825156250000000000e+02
1.435000000000000000e+02
1.895468750000000000e+02
1.365000000000000000e+02
1.951718750000000000e+02
1.275000000000000000e+02
1.951718750000000000e+02
1.185000000000000000e+02
1.937656250000000000e+02
1.105000000000000000e+02
1.895468750000000000e+02
1.035000000000000000e+02
1.825156250000000000e+02
1.155000000000000000e+02
1.825156250000000000e+02
1.285000000000000000e+02
1.839218750000000000e+02
1.385000000000000000e+02
1.839218750000000000e+02
1.495000000000000000e+02
1.839218750000000000e+02
1.385000000000000000e+02
1.839218750000000000e+02
1.285000000000000000e+02
1.839218750000000000e+02
1.155000000000000000e+02
1.839218750000000000e+02
