6.546484375000000000e+01
1.193437500000000000e+02
6.546484375000000000e+01
1.390312500000000000e+02
6.546484375000000000e+01
1.587187500000000000e+02
6.744921875000000000e+01
1.784062500000000000e+02
7.439453125000000000e+01
1.941562500000000000e+02
8.530859375000000000e+01
2.059687500000000000e+02
9.721484375000000000e+01
2.151562500000000000e+02
1.120976562500000000e+02
2.217187500000000000e+02
1.269804687500000000e+02
2.217187500000000000e+02
1.408710937500000000e+02
2.217187500000000000e+02
1.537695312500000000e+02
2.151562500000000000e+02
1.646835937500000000e+02
2.072812500000000000e+02
1.736132812500000000e+02
1.941562500000000000e+02
1.795664062500000000e+02
1.797187500000000000e+02
1.845273437500000000e+02
1.613437500000000000e+02
1.845273437500000000e+02
1.455937500000000000e+02
1.845273437500000000e+02
1.272187500000000000e+02
7.836328125000000000e+01
1.075312500000000000e+02
8.828515625000000000e+01
1.009687500000000000e+02
9.969531250000000000e+01
1.003125000000000000e+02
1.116015625000000000e+02
1.029375000000000000e+02
1.215234375000000000e+02
1.075312500000000000e+02
1.478164062500000000e+02
1.088437500000000000e+02
1.567460937500000000e+02
1.055625000000000000e+02
1.666679687500000000e+02
1.029375000000000000e+02
1.755976562500000000e+02
1.035937500000000000e+02
1.835351562500000000e+02
1.088437500000000000e+02
1.339257812500000000e+02
1.245937500000000000e+02
1.339257812500000000e+02
1.337812500000000000e+02
1.339257812500000000e+02
1.442812500000000000e+02
1.339257812500000000e+02
1.547812500000000000e+02
1.190429687500000000e+02
1.652812500000000000e+02
1.259882812500000000e+02
1.665937500000000000e+02
1.319414062500000000e+02
1.665937500000000000e+02
1.378945312500000000e+02
1.665937500000000000e+02
1.428554687500000000e+02
1.665937500000000000e+02
8.729296875000000000e+01
1.219687500000000000e+02
9.324609375000000000e+01
1.180312500000000000e+02
1.091210937500000000e+02
1.193437500000000000e+02
1.140820312500000000e+02
1.259062500000000000e+02
1.081289062500000000e+02
1.272187500000000000e+02
9.225390625000000000e+01
1.259062500000000000e+02
1.478164062500000000e+02
1.272187500000000000e+02
1.557539062500000000e+02
1.219687500000000000e+02
1.696445312500000000e+02
1.232812500000000000e+02
1.746054687500000000e+02
1.272187500000000000e+02
1.686523437500000000e+02
1.311562500000000000e+02
1.557539062500000000e+02
1.298437500000000000e+02
1.021757812500000000e+02
1.836562500000000000e+02
1.140820312500000000e+02
1.810312500000000000e+02
1.269804687500000000e+02
1.784062500000000000e+02
1.309492187500000000e+02
1.784062500000000000e+02
1.349179687500000000e+02
1.784062500000000000e+02
1.438476562500000000e+02
1.810312500000000000e+02
1.527773437500000000e+02
1.862812500000000000e+02
1.458320312500000000e+02
1.928437500000000000e+02
1.378945312500000000e+02
1.980937500000000000e+02
1.289648437500000000e+02
1.980937500000000000e+02
1.200351562500000000e+02
1.954687500000000000e+02
1.111054687500000000e+02
1.915312500000000000e+02
1.041601562500000000e+02
1.849687500000000000e+02
1.170585937500000000e+02
1.849687500000000000e+02
1.309492187500000000e+02
1.862812500000000000e+02
1.408710937500000000e+02
1.862812500000000000e+02
1.507929687500000000e+02
1.862812500000000000e+02
1.408710937500000000e+02
1.875937500000000000e+02
1.299570312500000000e+02
1.862812500000000000e+02
1.170585937500000000e+02
1.862812500000000000e+02
