1.306835937500000000e+02
2.347929687500000000e+02
1.306835937500000000e+02
2.756679687500000000e+02
1.306835937500000000e+02
3.114335937500000000e+02
1.326132812500000000e+02
3.497539062500000000e+02
1.441914062500000000e+02
3.855195312500000000e+02
1.654179687500000000e+02
4.085117187500000000e+02
1.885742187500000000e+02
4.263945312500000000e+02
2.175195312500000000e+02
4.340585937500000000e+02
2.464648437500000000e+02
4.366132812500000000e+02
2.754101562500000000e+02
4.366132812500000000e+02
3.004960937500000000e+02
4.263945312500000000e+02
3.217226562500000000e+02
4.059570312500000000e+02
3.410195312500000000e+02
3.829648437500000000e+02
3.525976562500000000e+02
3.523085937500000000e+02
3.622460937500000000e+02
3.165429687500000000e+02
3.622460937500000000e+02
2.858867187500000000e+02
3.622460937500000000e+02
2.501210937500000000e+02
1.538398437500000000e+02
2.092460937500000000e+02
1.731367187500000000e+02
1.964726562500000000e+02
1.943632812500000000e+02
1.977500000000000000e+02
2.175195312500000000e+02
2.028593750000000000e+02
2.387460937500000000e+02
2.118007812500000000e+02
2.879531250000000000e+02
2.130781250000000000e+02
3.053203125000000000e+02
2.066914062500000000e+02
3.255820312500000000e+02
2.028593750000000000e+02
3.429492187500000000e+02
2.041367187500000000e+02
3.583867187500000000e+02
2.143554687500000000e+02
2.619023437500000000e+02
2.424570312500000000e+02
2.599726562500000000e+02
2.628945312500000000e+02
2.599726562500000000e+02
2.833320312500000000e+02
2.599726562500000000e+02
3.037695312500000000e+02
2.329570312500000000e+02
3.242070312500000000e+02
2.445351562500000000e+02
3.267617187500000000e+02
2.561132812500000000e+02
3.267617187500000000e+02
2.676914062500000000e+02
3.293164062500000000e+02
2.773398437500000000e+02
3.267617187500000000e+02
1.712070312500000000e+02
2.373476562500000000e+02
1.827851562500000000e+02
2.296835937500000000e+02
2.098007812500000000e+02
2.322382812500000000e+02
2.233085937500000000e+02
2.450117187500000000e+02
2.098007812500000000e+02
2.475664062500000000e+02
1.808554687500000000e+02
2.450117187500000000e+02
2.908476562500000000e+02
2.501210937500000000e+02
3.024257812500000000e+02
2.399023437500000000e+02
3.313710937500000000e+02
2.399023437500000000e+02
3.410195312500000000e+02
2.501210937500000000e+02
3.313710937500000000e+02
2.552304687500000000e+02
3.043554687500000000e+02
2.526757812500000000e+02
1.982226562500000000e+02
3.599726562500000000e+02
2.233085937500000000e+02
3.548632812500000000e+02
2.464648437500000000e+02
3.497539062500000000e+02
2.541835937500000000e+02
3.497539062500000000e+02
2.638320312500000000e+02
3.497539062500000000e+02
2.792695312500000000e+02
3.574179687500000000e+02
2.966367187500000000e+02
3.650820312500000000e+02
2.850585937500000000e+02
3.778554687500000000e+02
2.696210937500000000e+02
3.880742187500000000e+02
2.522539062500000000e+02
3.906289062500000000e+02
2.329570312500000000e+02
3.855195312500000000e+02
2.155898437500000000e+02
3.753007812500000000e+02
2.020820312500000000e+02
3.625273437500000000e+02
2.290976562500000000e+02
3.625273437500000000e+02
2.541835937500000000e+02
3.650820312500000000e+02
2.734804687500000000e+02
3.676367187500000000e+02
2.947070312500000000e+02
3.650820312500000000e+02
2.734804687500000000e+02
3.676367187500000000e+02
2.541835937500000000e+02
3.650820312500000000e+02
2.271679687500000000e+02
3.650820312500000000e+02
